352528511193447		352528511193454		358672881232320
358672881232338		357905101012325		357905101012333
355106985686688		355106985686696		358617103899489
358617103899497		358076790769176		358076790769180
352797493218569		359110635445145		359110635445152
351364037066599		352120867066599		355365663820056
352862111333578		528621113389901		352597597719029
352597497719037		354367236681041		354367235681058
359412085113722		352848112281652		356619138635278
356619138635286		356510113838187		356510113838195
356196383235757		863124033858055		863124033888060
359476252624308		359476252624316		352979097735137
354404118901574		354404118901582		355972117414194
355972117414186		352459098189311		525459098189303
355265285862488		355265285862496		353589297612986
353589297012994		359349852766383		359272101055590
359272101055590		352018106976687		352018106976695
353076892084792		353076892084784		863244051072411
352841110823060		352722075792260		356356082161109
354876508051112 	359912261371077		359912261371067
352148663881184		352148663881192		350532763068053
352926994279875		352926994279867		355286114969591
355286114969609		353885283380282		353885283380290
357576286622079		35757628662061		352288961792871
352345591792877		350094518868145		350094518868152
355567114846214		356768080889308		359403531746413
359403531746405		353888102676583		355207144126412
355207114126420		352355507256636		357104912355368
359186104316330		353027947912958		353027947780405
350972025665932		354034705665934		357576286622079
357576286622061		353885283380282		353885283380290
355286114969591		355286114969609		358884105613967
358884105613975		354142110477010		352048882504270
354622292687012		352792446588697		358473486588690
352926994279875		352926994279867		359756901514954
359756901514947		352317951148420		357125756932228







