357125725256850
357125725256860
353304114227160
353304114227170
354169937026800
354169937026810
355446272670000
355446272670010
357932220151320
357932220151330
352925286392850
352925286392850
356512111591680
356512111591690
354169937026800
354169937026810
353901102083310
353901101901160
356248478595300
356248478595310
355158115307030
355158115307040
351797761388310
351797761388320
353298955785620
353298955785630
359049935809350
359049935809360
355972110243880
355972110243890
350854160977340
351885240977340
350631232216180
350631232216190
355813101319200
355813101319210
359027090058700
359027090058710
352945786697170
356606110148950
356606110148960
356796488608890
861324047926510
861324047056720
862408044320460
356681750698460
356681750698470
352998443225680
353856713225680
353371113607660
353371113607670
352528516340080
352528516340090
356983093352350
356127102698660

