357821086053580
355234115259660
355234115259670
356415593876710
350788711661090
355660529338080
357677122852190
352898118481710
351847341499110
351847341499120
356510113901940
356510113901950
352755851413550
356544761644790
352755851413550
352219622352260
352219623522760
354898731888140
354898731888150
356315966352800
356315966352810
358292142638160
358292142638170
352516396963690
352516396963700
354367239525120
354367239525130
359816826769930
359816826769920
350526350942830
351593590360180
351593590360190
350724752902020
350724752902030
350474045406910
350474045406920
350536335057380
350536335057390
355159119922920
355159119922930
355666688872620
355666688872630
354242784373320
354242784373310
359951382794710
359951382794720
355666689170240
355666689170250
355972110239160
355972110239170
351593591176060
351593591176070
354814526123200
354814526123210
358378802614860
358378802614870
355798078241040
358378804237770
358378804237780
350644373579500
350644373579510
356943546447690
356943546447700
359481986894260
