
354372154089523		
357278092052464		
358245242661600
354523985417529		
354523985417537		
358245242661618
357383547379304		
357383547379312		
358245249971721
355106985380530		
355106985380548		
358245249971721
359617278028103		
359617278028111		
358245249971721
357498776666260		
357498776666278		
358245249971739
353898843971581 	
353898843971599 	
352069150965829
352069150965837		
355645105714441		
355645105714458
355666681651146		
355666681651153 	
357464317854674
355207115556427 	
355207115556435		
357498775849420
357498775849438		
357344846479922		
357344846479930
351364950279161		
351364950279179		
358452987637775
359488427637776		
352926994580827		
352926994580835
359901448388906		
359901448388914 	
355461022312958
355461022312966		
359901101293500		
359901101293518
356180977092469		
356180977092477		
346180979459328
356180979459336		
35655430783384		
356555430783392
351811248067501		
356441108756582		
357291300026642
358658920026641		
350303064381803		
350303064381811
356030841476432		
356030841476440		
357932220705423
357932220705431		
354296972899195		
355996682899190
359576284647290		
352553571221480		
352553571221498
353722111006948		
353722111006955		
356450838626460
356450838626478		
350631237238983		
350631237238991
356622564292321		
356822564292339		
353918100978333
355098790706183		
355098790706191		
350100247177508
350100247177516		
350804336893863		
354855656893863
351750520071825		
351750520071833		
353589290509780
353589290509798		
358378805832753		
358378805832761
358316886071768		
358316886071776		
356944962688338
356944962688346		
357035518306944		
359096321026457
359096321026465		
354156364251399 	
354156364251318
355159116509675	        
355159116509683		
351367161368517
357035518306944		
353381370949163		
353381370949171
351367161368509		
358617100073245		
358617100073252
356943543970413		
356943543970421		
355790111991284
355790111991292		
352926997854542		
352926997854559
355446272438520		
355446272438538		
354015790678759
356926690678756		
351517493625477		
351517493625485
352213272537849		
352213272537856		
352926991712977
352926991712985		
359901441205859		
359901441205867
354814526493388		
354814526493396		
352936635027088
354814526493396		
352936635027070		
352936635027088
356944962826060		
356944962826607		
358078240672844
358078240672851		
353414105700732		
353415105700739
358940530320949		
358940530320956		
355265287730444
355265287730436		
355265288433873		
355265288433881
351593591095699		
351593591095707		
359816828534137
359816828534145		
355920699152542		
357932221285946
357932221285953		350374445141869		350374445141877
356980900126544		
356980900126551		
350100244555920
350100244555938		
355660526790425		
358078525897967
358078525897975		
352926995280096		
352926995280104
352830128377581		
352830128377599		
356691750671980
356691750671998		
353418111512718		
355234116411279
355234116411287		
350100245330109		
350100245330117
350843983861690		
350747893861693		
351339417384838
356891101878124		
356891101878132		
359926092425746
359618542113929		
359618542113937		
358563076248991
352229117341213		
353378695562226		
353378695562234
355098794558366		
355098794558374		
355265289806945
355269289806952		
355572111487541		
358485153370508
354048332259242		
354048332259259		
358884105895584
358884105895592		
351517499099784		
351517499099792
352021107102527		
352021107102535		
352889118744358
352588765736317		
352588765736309		
352513110394141
352513110394158		
351750520099255		
351750520099248
358216480551977		
358452987637775		
358452987637776
356077481142881 	
356077481142899		
355206115094967
355206115094975		
350390263401078		
350390263401086
355023118669327		
355023118669335

