
868228059603670
868228059803610
359336107857020
359336107857030
352926996240850
352926996240840
325779106839470
325779106839460
354242784301100
354242784301110
357498773419620
357498773419630
353047665224870
353047665224880
865094045001750
355206115076790
355206115076790
591049933957780
359104993395770
355772079375100
959351636112410
353589290365440
353589290365450
354367235621940
354367235621950
350788713871020
350788713871030
354367233499560
354367233499570
356117099592720
356117099592720
358672880920220
358672880920230
354731378086270
353589292297860
357517474923000
357517474923010
358292142632260
358292142532270
353589294854500
353589294854510
357125751096000
351511100174780
351511100174770
352653574773270
355207114692840
355207114692850
355920695445220
355920695445230
352351116320980
352351116320980
359293243449850
358293243449860
353589294471960
353589294471970
356004574542460
356004574542470
358672881575480
358672881575490
353808081043560
351430003868770
351430003868780

