

354814526791460
354814526791470
359049934111740
359049934111750
359816826769930
359816826769920
354898731969580
354898731969590
352069152267460
352069152267470
356725661204260
356725661126520
352399912049230
353761202049230
354454390734640
354454390734650
358535437444320
358535437444330
358672881010340
358672881010350
352410357724060
352410357724070
350962375983670
352057495983670
354146113999590
354146113999590
355513452176840
355513452176850
55226207634680
864324049931750
358658258924320
358658258924330
357489735269960
357489735269970
351050720236420
351050720236430
352206202831560
355666687941420
355666687941430
352516397682190
352516397682200
353627250489810
353627250489820
352550109121540
352550109121550
359618548173440
359618548173450
355207115015130
355207115015140
353358929745160
353358929745170
352528510986640
352528510986650
357344841865260
357344841865270
352926996965190
352926996965200
354835092538800
353112105685960
355570811831940
355570811831950
355218130218460
356575091510180
355039207802320
355039207802330
351364950019340
351364950019350
351618921899640
351618921899650
868228059603670
868228059603610
355666688737140
355666688737150
356375923116460
356375923116470
353620722861800
353620722861810


 