
353671190886380
353973108109040
359351636112410
358672881010340
358672881010350
356555430242660
356555430242670
354112728376470
354367238852700
354367238852710
359552541474100
355660528309010
355660528763030
350002268625890
350002268864600
358642082770560
358642082770570
351594956015510
352911111223870
353414105700730
353415105700730
357271091923480
357271091772280
356755857419120
356755857106910
355446270103460
355446270103470
352725350663940
352178139731940
352178139731950
351498779052210
351498779052200
358612716121220
358612716121230
359333540176940
359333540176950
356370165835460
359349850672140
359349850672150
356370165835460
356894533266110
356894533266120
354402106909880

