350631230996280
350631230996290
350220434391530
354495214327890
354495214327900
359618545624520
359618545624530
350100245317080
350100245317090
353384850152180
353384850152190
359152880774150
359152880774160
354731370154440
354731370154450
359617278035120
359617278035130
358535436548910
358535436548920
356170098882790
359349850798180
359349850798190
356200112359320
356200112359330
356216113661540
356216113661550
353089186397260
353048826763260
358721108240060
358721108240070
351678891102600
351678911252080
358316882226510
358316882226500
353175863420550
353175863106810
358680105915040
358681105925040
357125753227850
357125753227860
359087325836980
359087325836990
353212442430430
860238043099860
354169936105400
354169936105410
354128111799960
350644374921720
355790112003850
355790112003860
356560100969280
354506125279850
350777731929160
351730196624320
352178139731940
352178139731950
355561777765820
353067106102580
353067105929750
352911111223870
352871111074940
356426107306370
355507817971600
355507817971610
359618543062680
359618543062690
353818080114080
352597592213160
352597592213170
350217750759970
355158113996930
355158113996940
354190113501020
354190113501030