357393100260304
354284852479445
354284852479452
350100064205895
350337404205892
356994825879970
356994825879988
351593590578794
351593590578802
354748504205648
354748504205655
354940907124951
354940907124944
359500087644767
353298955568821
353298955564839
350644370511447
350644370511454
357464311818337
357464311818345
862408044320465
355918111600239
358934993563053
351593590578794
351593590578802
354622292777045
354622292777052
353089189692664
354882679692668
355698589820747
355698589820754
350100243323450
350100243323478
358672880631169
358672880631175
352516397661611
352516397661611
352516397661629
358794035349345
358794035349352
353384856711883
353384856711891
356994825879970
356994825879988 



