
356487583020077		
356487583020085		
358617101705126
861090054858831		
356030840224239		
356030840224247
359618541287849		
359618541287856		
350167560694468
350167560694476		
868216030540283		
868216030557295
350788712017769		
350788712017777		
355326110066628
355326110066636		
356180970806584		
356180970806592
353330168481244		
353330168481251		
356320112193844
356320112193851		
355978094869904		
355978094869912
351797760501391		
351797760501409		
356487583020077
356487583020085		
359816826769925		
359816826769933
356728115562155		
356728115196376		
359002631888776
359002631888784		
359237636542032		
359237636536638
353321092492282		
358421271610988		
358421271610996
867177045810650		
867177045856158		
350094518868145
350094518868152		
356730117331811		
353811110282855
359756901372609		
359756901372617		
353925102955821
357771751525861		
352317951091448		
356180977397371
356180977397363		
353589292862120		
252589292862138
357416315476959		
357416315476967		
359255901624715
352926994279867		
352926994279875		
352792446588696
358473486588699		
354860891762907		
354860891837923
356077480917846		
356077480917853		
351024059946249
354898731947502		
354898731947510		
356728115562155
356728115196376		
352148661965906		
352148661965914
352575634469470		
358053734496471		
357268094582055
356331110504171		
352653578550782		
352653578550790
352301457347835		
357524992813202		
357524992813210
352219621973346		
352219621973353		
353895101959241
356588261302784		
356588261302792		
352363869245920
356131789036624		
354270249245920		
356451112671404


