353298956217800
353298956217810
359901448120580
359901448120590
353589297261820
353589297261830
350222499694680
350222499694690
354495213515430
354495213515440
353452111526680
353452111526690
355220097461370
355220097461370
353589297639080
353589297639090
357635433235020
357635433235030
359618544780590
359618544780600
350532753170100
350532753170110
359457166471580
359457166471590
350476185748720
359557705748720
356004574275820
356004574275830
357576283631180
357576283631190
358686419475970
358686419237260
354296971597580
354296981597580
354240160520400
355201890520400
359177078270390
356174419234570
356174419299320
356691750698460
356691750698470
353298955564820
353298955564830
350100243323450
350100243323470
354622292777040
354622292777050
357291300290290
358658920290290
359756901482120
351339417384830
352659327096840
352659327096850
356170098882790
357125757212990
357125757212000
354506122924690
354495214327900
358519941711160
358519941711170
357932222189480
357932222189490
359912261522020
359912261522030


