357125757020180
357125757020190
353867104515190
350100245228880
350100245228890
350766964134460
351319364134460
352653573762330
352653573762340
352973154349300
358452986650370
359488426650370
358421279766780
358421279766790
861871053592890
861871053592880
353457599802500
353457599802510
359152881046910
359152881046920
351452967627190
359074867627190
359901443439350
359901443439360
350843984659230
357475894659230
351854086152490
350751176714750
351730196714750
351716112662450
351716112662450
350117933127090
350117933127090
357344842083740
357344842083750
357753595985160
357753595985170
353178114984120
353178114984130
869360057023020
869360057023030
357338090489690
353529115416520
353529115416530
352779103845040
352779103845050
353055952184420
353055952184430
350100240346650
350100240346660
356485106262720
355017111241600
355017111241610
359403532589980
355206115717130
355206115717140
358378802614860
358378802614870
353808081043560

