
353925102955821	
357771751525861	
352317951091448
359255901624715	
353575651849444	
356180977397371
356180977397363	
355106986494132	
353589292862138
353589292862120	
357416315476967	
357416315476959
359255901624715	
352926994279867	
252926994279875
358452986727361	
359488426726362	
358473486588699
352792446588697	
352528511090189	
352528511090197
359863171502923	
359995531502928	
354860891762907
354860891837923	
350393177154288	
350165827154284
356077480917846	
356077480917853	
354748502475938
354748502475946	
35388710645114	
351024059946249
355314084875505	
354898731947502	
354898731947510
356728115562155	
356728115196376	
352148661965906
352148661965914	
866473040738645	
359218583644708
359218583644716	
352575634469470	
358053734496471
355207117048472	
355207117048486	
353414796345045
358231522376051	
356730117331811	
350094518868145
350094518868152	
350725040292276	
350725040292268
355570810936370	
355570810936368 
350725040292268
350725040292276	
353212447006838	
357268094582055
359403531746413	
359403531746405	
357305080635495
356331110504171	
355001767395725	
359042137395728
352653578550782	
352653578550790	
353891102750804
351885242234226	
352158110466968	
352159110466966
354996112650313	
352680943394703	
352301457347835
357524992813202	
357524992813210	
353232108195407
352528511090189	
352528511090197	
355579426362830
356588261302784	
356588261302792	
356451112671404
352653573678067	
351044636209119	
354133434432226
354133434432234	
353027947912958	
353027947780405



