

352317951148420	353895101959214	356588261302784
356588261302792	352363869245920	356131789036624
354270249245920	356451112671404	352926990243065
352926990243075	356200117771523	356200117771531
352653573678067	351044636209119	352178138332208
352178138332216	352516397924571	352516397924563
356077484762214	356077484762206	351678918390053
358040102320480	352528511090189	352528511090197
354443481724420	352852111683973	356588261302784
356588261302792	355579426362830	352219621973346
352219621973353	353232108195407	353232105042537
357524992813202	357524992813210	351228765153293
352301457347835	352601457347835	352680943394703
352680943394703	354996112650313	352158110466968
352159110466966	351885242234226	353891102750804
352653578550782	35263578550790	355001767395725
359042137395728	356331110504170	357305080635490
357268094582050	353212447006838	350725040292268
350725040292276	355570810936368 355570810936370
358231522376044	358231522376051	353414796345045
355207117048472	355207117048486	352575634469470
358053734496471	35928583644708	359218583644716
356196383235757	863124033858055	863124033888060
569476252624308	359476252624316	355972117414194
352459098189311	352459098189303	359349852766383
359272101055590	352018106976687	352018106976695
353076892084792	353076892084784	352841110823060
352722075792260	356356082161109	345876508051112
355590474966067	355590474966075	352528511193447
