358535439528870
353898107343440
350829117321760
350829117321770
351715111370100
358585107867930
351593590578790
351593590578800
354748504205640
354748504205650
357576282987500
357576282987510
865178040776720
865178040818880
359811267490480
352545698594740
352545698594750
350631230437160
350631230437170
357344846911320
357344846911240
354211971035780
354211971035790
357932222189480
357932222189490
353321092492280
359237636536630
359237636542030
351161647838140
352191607838140
352528511166160
352518511166170
354404119195300
354404119195310
868674059072430
868674059072430
359349850798180
359349850798190
353027943115920
359617272094080
359617272094090
354211971035780
354211971035790
356626093978500
356627093785200
357269670162990
357269670465990
354731377772620
354731377772630
350696161044480
350696161044490
355106980715230
355106980715240
357101260251800
357101260251810
352597592269880
352597592269890
356180977661700
356180977661710
354367233498930
354367233498940
359912261522020
359912261522030




