352513426452682
352513426295727
359349850520303
359349850520311
355234112038324
355234112038332
359049936536139
359049936536147
351507119439791
357101830770363
359110634857944
359110634857951
353781182319085
353781182423135
350073851411804
350073851411812
354831096279701
356766635359561
354813605359569
356766635359561
358078528011020
358078528011038
355207117048472
351143762835810
351143762835828
355356572736301
355356572736319
356894533166118
356894533166126
350094518868145
350094518868152
356180977397371
356180977397363
352229381177442
352229381177459
351675644822664
355158114007559
355158114007567
350631233639606
350631233639614
356180976248310
356180976248302
366891824763561
356891824763579
356943541659737
356943541659729
358672880664846
358672880664853
351243324796474
359330185785837
356077482788344
356077482788351
354703751442261
354703751360190
352836110369957
352836110448017
354898731947502
354898731947510
356331110504171
357268094582055






