353298955365740 353298955365757 359412085113722
352848113381652 354443481724429 354443481724437
351885242234226 356619138535278 356619138635286
351885242234220 352575634496470 356768080889308
353076892084792 353076892084784 355666683010721
355666683010739 355567114846214 355207114126420
355207114126412 356077484762206 356077484762214
356768080889308 359403531746413 359403531746405
353888102676583 355980280659081 359166352123281
359166352123299 353589293915968 353589293915976
354084112495490 359272101055590 352459098189311
352459098189303 352926990243065 352926990243073
355106985391875 355106985391883 357663843833561
357663843833579 358293240612845 358293240612852
351778730528516 351885242234220 352355507256636
357104912355368 359186104315330 353027847912958
353027947780405 350972025665932 354034705665934
358884105613967 358884105613975 351517493316267
351517493316275 352345591792877 352288961792871





