357040735853870
355615087681570
353867104515190
356042145963970
356042145963980
356626096267080
356042141831870
356682115484560
352162752985780
352162752985790
352969966920700
358292141297260
358292141297270
359349850672140
359349850672150
356370165835460
352949471624220
352949471624230
352178139731940
352178139731950
353589291848240
353589291848250
356180976784940
356180976784950
867287066062850
867287066062840
356661933063580
358174193063580
354873090818980
359333540176940
359333540176950
357125757020180
357125757020190
357753595985160
357753595985170
354015798832580
356926698832580
352975342906140
352975342906150
351494692030400
353439742030400
353980200162120
353980200162130
358378806532860
358378806532870
350390260170490
350390260170500
355160114806140
355160114806150
350100245019870
350100245019880
353089189624380
354882679624380
356077481566760
356077481566770
356394500762770
356394500762780
353898844268940
353898844268950
357689141965150
357689141965160



