352659327096840
352659327096850
350100242537450
350100242537470
350631232696860
350631232698870
358519405883830
358519405883820
358617100477660
358617100477670
354121111771640
354121111771650
355666687928600
355666687928610
355590472351200
355590472351210
355773631501860
355773631501870
352926995452470
352926995452480
358519402988760
358519402988770
352351113551870
356994825877180
356994825877190
355207118246580
355207118246590
354450114621740
354450114621750
353589294096480
353589294096490
352926999789210
352926999789220
359901441891170
359901441891180
355265288123640
355265288123650
359015632174700
359015632222600
353212449271950
353212449271960
359901444538490
359901444538500
352597597950580
352597597950580
357125754136940
357125754136950
351183324237360
350167021068720
354476281068720
353929591052310
354660117315000
356512118043420
356512118043430
355206112107860
355206112107870
356772085730070
352230907317600
352789857317600
356891826532220
356891826532230
350100248628300
350100248628310
350631231309500
350631231309510
356602113078440
356602113078510
356891116491350
353358929745160
353358929745170
352528510986640
352528510986650







