351732277531600
869826043652280
869826043658920
350100246395910
352866111819590
359216077025110
355401100274840
352206202831560
356555430242660
356555430242670
358672881010340
358672881010350
351594956015510
358642082770560
358642082770570
350002268625890
350002268864600
355660528309010
355660528763030
357271091923480
357271091772280
355446270103460
355446270103470
354402106909880
356894533166110
356894533166120
352945786697170
356606110148950
356606110148960
350002260134500
350002260127210
352817864604340
861413052230660
359180470681000
359180470681010
351670044678630
353167668956680
352911111223870
356113090946220
353869225541170
352114958215270
355041616634300
352850113360370
353296071017810

