
351864092064950
351864092064950
354642620060630
354642620060640
358598931325060
358598931452620
353731852172130
353731852172140
357883119528320
357883119902140
352617425202770
353877995202770
351430001682760
351430001682770
356200116943860
356200116943870
353356722825680
353356722825690
350100242271400
350100242714050
358894384971800
358894384971810
357125757766280
357125757766290
354888665898340
354888665898350
359618548173440
359618548173450
358028192297280
358028192297290
356077484052680
356077484052690
860444063825090
353911106986590
353911106848860
354898730721320
354898730721330
350167567771580
350167567771590
350631232247000
350631232247010
356512118043420
356512118043430
355206112107860
355206112107870
356426107306370
352528511166160
352528511166170
354568110406010
352402098724300
356510115398050
356712117848010
350972025645550
354048332980470
354034705645550
354048332980480
351161647838140
352191607838140
353321092492280
359237636536630
359237636542030
352288963705200
355570811454370
357851080528290
352345593705200
355570811454360
353467104249740
357852080528290
356713117848010
351430001857900
351430001857910
359618548173440
359618548173450
