354450114621740
354450114621750
353589294096480
353589294096490
351430001510980
351430001510990
358672880631160
358672880631170
358378806855600
358378806855610
355206112890830
355920694728900
355920694728910
356994821387740
353770104077800
356994821387750
353770104077810
356994825877180
356994825877190
355207118246580
355207118246590
350100242537450
350100242537470
352659327096840
352659327096850
359349736921070
351183324237360
357524990004640
357524990004510
352516396799530
352516396799540
356439350590590
359122120590590
352926994580820
352926994580830
353384856693080
353384856693090
353378691567800
353378691567810
355047101025190
356273105629150
352162754480770
352162754480780
357383547329000
357383547329000
351283761622990
356458108998620
354367232805060
354367232805070
359901442882700
359901442882710
358292144380640
358292144380650
355297291428900
355297291428300
357014748292130
355106985381050
355106985381040
358292143277140
869241044443720
358292143277150
350360636691380
352178137882950
352178137882960
358292143277140
358292143277150
354898730717600
354898730717610
356268112514640
356268112514640
