353808086672550
353697110886380
356789283334140
352545698594740
352545698594750
352926991479630
352926991479640
369976102884570
359976102884580
355570811801520
355570811801530
359050097122100
359050097122110
354568111277420
353212443206070
353212443206080
352984113722143
352984113722900
357932223178660
357932223178670
353589294471960
353589294471970
352926994111890
352926994111900
357903101610760
357903101610770
350094518868140
350094518868150
357576282987500
357576282987510
354242782513250
354242782513260
352178139843510
352178139843520
355016984552590
355106984552600
865178040776720
865178040818880
353358929745160
353358929745170
352528510986640
864154057691060
864154057691070
350100244889430
350100244889440
354242783661770
354242783661780
352178139731940
352178139731950
354660119181770
356210110341560
356210110341570
350197048979860
350197048683420
357663846830940
357663846830950






