

350222493257370
350222493257360
351024052668310
357492908957680
357492908085950
352001416403220
354246576403220
356691612148280
356691612148290
35584308794710
352910111642550
860674045105760
358674520074830
358674520074840
531027670133260
352221269243470
352221269243470
356542114406530
354048332308890
354048332308900
352221269215120
352536789215120
354512116972700
354512116972710
355666688761560
355666688761570
352162753943620
352162753943630
352516396721960
352516396721950
350725042064690
350725042064707
356691611724280
356691611724290
352277222356180
352277222356180
359901441891170
359901441891180
356903440871800
354888663738000
354888663738000
350843982261400
350843982261400
358503086493350
357287099732560
359973805168400
359618546575280
359618546575290
359111492622680
359111492622690
356955707486490
355579426043350
352003094599110
359618542665110
359618542665120
351517498980470
355047101025190
351517498980480
864154057691060
864154057691070
 