359336105383140
359336105383150
358616109236040
358616109236050
358617103894060
358617103894070
352117352378160
352117352116740
358303106972630
358303106972620
350631232196280
350631232196290
353809115372000
353809115372010
356200110124340
356200110124350
355666688841880
355666688841898
353783116354440
353783116354450
352213272528660
352213272528670
357576826631120
357576286631130
353490236164350
353490236786030
350711555780520
356086275780520
357689146857858
357689146857860
353821799456040
353821799456050
356451117875020
356451117875030
352926990214290
352926990214300
350100249481470
350100249481480
358743616436440
358743616436450
355356572565510
355356572565520
356943541735140
356943541735150
350804330759880
355207115210280
355207115210298
354888665027360
354888665027370
357416312835420
357416312835430
866937052326220
866937052336220
358356105866820
351283762905620
355570810483220
355570810483230
350633291171820
350727961171820
355039200786840
355039200786850
356450831574840
356450831574850
865326041386800
354512116647630
354512116647620
357663842179560
357663842179570
350390266437160
350390266437170
355858531876040
355858531876050
357125751095180
357125751095190








