356077484132269
356077484132277
353339110178290
352514107167474
351978520385933
354845660385931
353992553012148
353992553012155
353277119420898
352648117917237
357489733074805
357489733074813
357489735401683
357489735401691
350094516152328
350094516152336
358293244217070
358293244217088
351364960364528
351364960364536
351775152020568
351775152020576
350843984664184
357475894664187
355234112038324
355234112038332
356077483958383
356077483958391
356200113176180
356200113176198
352597599364840
352597599354857
353935644711442
353935644711459
351828115318347
351828115318435
352528516762841
352528516762858
355666685101809
355666685101817
350532840292989
350532284029299
354240169708025
355201899708023
358292143294180
358292143294198
359618546131679
359618546131687
356030840188657
356030840188665
867287064232296
867287064232288
353111100376969
353111100493285
356660501905807
356660501905815
350788710636527
350788710637535
353175868589253
357157306430080
359901440577530
359901440577488