359951382101710
359951382101720
354888661414120
354888661414130
356943548521380
356943548521380
351591112576820
351592112576820
353808081414660
353898844261000
353898844261710
356712089797580
354382913289620
354382913289630
353809891536460
354920571536460
356847097044080
356847097044090
863336066053240
355698580778800
355698580778810
352926991570320
352926991570330
353731851064920
353731851064910
355666686603060
355666686603070
352910111642550
357576283631180
357576283631190
357010072718920
350167021068720
354476281068720
353929591052310
352351113551870
354495213537150
354495213537160
350532840420570
350532840420580
352843111666260
353926103284650
355106985958090
355106985958100
351743851569380
351743851569380
354698114735280
354699114735290
353589290509790
353589290509780
356943548300520
356943548300530
352153452862520
352153452862530
351161647838140
352191607838140
354914095940270
352516397661610
352516397661620
355918111600230
356650086205550

