
352178138851040
352178138851050
358870569744660
358870569744670
350222497936780
350222497936760
353741282316210
357271093864920
355356572468970
355356572468980
352545392143360
352545692143370
867091050098740
867991050118750
356210110341560
356210110341570
359617272094080
359617272090490
355106980041730
355106980041740
356736081867790
357265090408890
357334874155620
357334874155630
354748502432610
354748502432620
355813102765590
355813102765580
352653574773270
354242789690000
354242789690010
357932222189480
357932222189490
354048330190500
354048330190510
352158720494060
355376800494060
351430001048080
351430001048090
350631230821000
350631230821010
359901104637300
359901104637310
356556776539990
356556776539990
359756901514940
359756901514950
354443481192560
354443481192570
353453510069870
353453510069880
353047664667670
353047664667680
359901449451770
359901449451780
355265286442230
355265286442240
355207114962210
355207114962220
354804059251910
354804059251920
355813103230280
355813103230290
355265286442230
355265286442240
354888661959140
354888661959150
358245247508730
358245247508720
356375923611820
356375923611830
354660119181770
359481986894260
