355357115446700
350390265983980
350390265983990
352410352549420
352410352549430
357278092052460
354372154089520
356676092783020
356676092783030
358024390589590
358024390589590
353378696438900
353378696438910
357524994502100
357524994502110
353821798604400
353821798604410
356691610364400
356691610364410
355446272686680
355446272686690
355376800480720
357907142258130
357907142258140
355446272538120
355446272538130
351593591900560
351593591900570
350725041960110
350725041960120
350644375139100
350644375139110
350390262141280
350390262141290
357663842633500
357663842633510
358421279224780
358421279224790
358861271612980
358861271612990
357035518306940
357291300026640
358658920026640
358495588121240
358495588121250
355461022312950
355461022312960
355645101949460
355645101949470
354523985417520
354523985417530
358239067758290
358239067758290
356441108756580
355790113430380
355790113430390
355159116509670
355159116509680
35063123469820
35063123469830



