357104914002940
354255816024570
357807296024570
351162967729150
351533637729150
354748502189910
354748502189920
357574095958400
357574095958410
357273096002960
357273095935740
356715116583560
357680888387890
869377054032850
869377054032840
355352089423710
351162967732140
351162967732140
350100246365700
350100246365710
354015792032510
354015792032510
352730631349790
359301100060430
353890106063980
353890106223410
359189072786330
355938091347460
355938091347470
353808088012410
357524994510640
357524994510650
355085103204590
358649255043950
351177834068870
351177834068870
356771083287110
354568111340600
351751105365670
359054848908130
359054848908130
351591119776820
356726111643160
356726113105660
356994826504930
356994826504940
358721107057580
358721107075590
356682116350500
358288108644660
358288108664670
358642082770560
358642082770570
352528510986640
352528510986650
353358929745160
353358929745170
352166458351770
358395968351770
354628098720030

 