356375923116460
356375923116470
356019742473530
356019742473530
352840113207730
354242781780170
354242781780180
352229800736620
352229800736630
355106984184430
355106984184440
353722110726840
353722110726850
358554564783900
358554564783910
356019742473530
356019742473530
351670044678630
353967815762190
353967815895580
356730117331810
355365662987580
354834096632380
352528511070400
352528511070410
351521470412400
351938430412400
352410357742360
352410357742370
359152880614430
359152880614320
358893642113350
358893642113350
358078141804980
354940901343900
354940901343910
350100244771080
350100244771090
863090051231080
863090061231090
358303105799520
358303105799530
356375924732410
356375924732420
358884104547080
358884104547090
356315966316780
356315966316790
351339412323760
354957738105930
869326037552230
869326037552320
864415057160990
864415057160980
350788710834320
350788710834330
355942857418390
354940907124950
354940907124940
