

352973152623240
352973152623250
864154057691060
864154057691070
359594763320200
359594763320210
353212440883170
353212440883180
352926999755080
352926999755070
355972110243880
355972110243890
358245247630000
358245247630010
357217099342400
356998471591290
357172471591290
356418118149060
356419118149060
356943547423290
356943547423300
860340045105690
860340045105680
358028192255160
358028192255170
353298957928070
353298957928080
353809115372000
353809115372010
350631232216180
350631232216190
353589291406620
353589291406630
356200110124340
356200110124350
357574091928450
357574091928440
350532840984300
350532840984310
357344842078740
357344842078750
358686322749310
356943546447690
356943546447700
353997106242870
359122120857730
356439350857730
353047666216120
353047666216130
352925286392850
352925286392860
354816090518450
356512111591680
356512111591690
359951382104950
359951382104960
358076791574250
358076791574260
359049935809350
359049935809360
355446272670000
355446272670010
355160111116460
355160111116470
357576286678060
357576286678070
