
158743616418500
158743616418510
352153452788360
352153452788370
354874961173860
354874961173870
352178135839980
352178135839990
351521470412400
351938430412400
358408876921150
358408876825540
355234117343160
355234117343170
354367233499560
354367233499570
356422109285570
356510113901940
356510113901950
352791604727250
352791604727260
356775082126960
357751071302080
353891103290160
352528511070400
352528511070410
351648094815660
351648094815670
351161647838140
352191607838140
351847341499110
351847341499120
354495214327890
354495214327900
359152880626160
359152880626170
356077481111560
356077481111570
354230211999370
353243991999370
359910092209500
359910092209510
353794100871300
355660529338080
357677122852190
352178138771230
353467092806950
353467092806040
356497116206920
356497116206930
863090061231080
863090061231090
355106987723270
355109877232280
353589292430760
353589292430700
359096320883260
359096320883270
353770096798390
356943547117020
356943547117030
351344355452570
351344356463380
