353167668956680
351670044678630
359180470681000
359180470681010
353072103382130
352817864604340
861413052230660
350002260127210
350002260134500
351364950359900
351364950359910
353555430242660
353555430242670
358672881010340
358672881010350
359709271778310
359709271778320
356394500260390
355047101025190
358605072567030
356394500260400
350163107439780
352653578881590
356798115874940
350163107439790
352653578881580
353899108130040
356210110257340
357973081030930
355030841548910
355030841548920
357498779052200
357498779052210
354454399426360
354454399426370
358940530320940
358940530320950
355265288433870
355265288433880
356606110148950
356606110148960
352945786697170







