351732277531600
353964101673130
343964101763700
352707355220000
357296096049340
351209078150530
352898118481710
352206202831560
354121111822020
355401100274840
357689146067380
357689146067390
357498778964180
357498778964190
869826043652280
869826043658920
352866111819590
359216077025110
352590523929620
350100246395290
350100246395910
355356572736300
355356572736310
352021107102520
352021107102530
356718112936200
356718113450780
350163107439780
350163107439790
354245339398110
354245339293920
356042146144720
356042146144730

