355106982275063 
355106982275055 
354622292687012
351290495642946 
351290495642953 
354622292687020
353818080114083 
351452968799765 
354450113703523
359074858799760 
359790531378902 
356894534790379
356894534790387 
354156363255508 
354156363255516
359715773776711 
359715773776703 
354112729376471
355972113884408 
355972113884416 
358940660211207
358940660211215 
350189692712356 
356550104044643
353467103309971 
353901102083310 
353901101901165
355802112071535 
355802112071543 
350189692587105
357279094893772 
355001767395725 
358884104547083
358884104547091 
359042137395728 
353959110564853
359096320883262 
359096320883270 
357174094185602
358048466217897 
359186104316330 
352178138096829
352178138096837 
359790531378910 
352792446588697
358473486588699 
354142110477017 
352355507256636
357104912355368 
358293240612845 
358293240612852
