353979107790640
356943546638820
356943546638830
354506122924690
357663841539820
357663841539830
350167560704640
350167560704650
354814523888900
354145523888910
358672880407460
358672880407470
353475122028440
355814212028440
356642145666610
356642145666620
353243102755390
359001975711900
353381371619240
353381371619250
354450114666360
354450114666370
359049932665590
359049932665590
358496091472440
350222495808580
350222495808590
355744111276410
356789283334140
355813102102880
355813102102890
356109094313030
350100245279610
350100245279620
358378806933550
358378806933540
354211970913890
354211970913900
355570813896240
355570813896250
353697110886380
358940660213660
358940660213670
359152880774150
359152880774160
354156363255500
354156363255510
350644377205470
350644377205470
355106984356490
355106984356480
356180976823360
356180976823370
352926997598700
352926997598710
356200114051820
356200114051830
350751196626910
350751196626910
353808086672550




