
353783116652300	
353783116652318	
358616105119383
358616105119391	
355511103341860	
355511013341878
352553571221480	
352553571221498	
351705101533619
354296972899195	
354296972899190	
350100245330190
350100242378358	
352830128377581	
352830128377599
358078525897967	
358078525897975	
352926995280096
352926995280104	
359335646237255	
353935646237248
352213272537849	
252213272537856	
354301094862848
354301094862855	
358617102550760	
358617102550778
359912260936759	
359912260963767	
358316886071768
358316886071776	
357125751187190	
357125751187208
357035518306944	
353381370949171	
353381370949163
354888661976886	
354888661976894	
358617103094420
358617103094438	
356375923531392	
356375923531400
352653576001937	
352653576001929	
351799413168420
351799413168438	
356180971468905	
356180971468913
357291300026642	
358658920026641	
356441108756582
357498775849420	
357498775849438	
352153452862528
352153452862536	
356180979459328	
356180979459336
356555430783384	
356555430783392	
351811248067501
358245242661600	
358245242661618	
254312102979029
355666687941426	
355666687941434

