352791600557430
352791600557440
356077484113860
356077484113870
356740315405550
357673515405550
357689140158580
357689140158590
356718112936200
356718113450780
355761440962310
352469859199360
351143762835810
351143762835820
353926103284650
357883119528320
357883119902140
356565082386820
353475122156110
353475122156110
350390260222930
350390075413100
353731850813050
353731850813060
356733111473360
356733110910940
357439517067760
357439517067770
351430000092220
351430000092230
350532840292980
350532840292990
354296973084680
355996683084680
350631234604760
350631234604770
356030840412030
356030840412040
355106985686680
355106985686690
353371114191080
353371114191080
352514104444120
352514104444130
350100064205840
350337404205840
354992110332920
353452118395260
353452118395270
352926996678870
352926996678880
350788711661090
863440051853600
353868725159080
353868251590920
355841088470950
355841088470950
359643090235240





