359901447175550
359901447175560
350644376787300
350644376787310
352178136460620
352178136460630
869312042360990
358228205490750
358228205490760
352178138771230
355234115259660
355234115259670
359238085013670
359238085013680
352334703939190
352334703939190
356730117331810
350100064205890
350337404205890
354284852479440
354848552479450
358794035349340
358794035349350
355698589820740
355698589820750
350100243323450
350100243323470
356994825879970
356994825879980
357464311818330
357464311818340
862408044320460
351593590578790
351593590578800
353298955568820
353298955564830
350644370511440
350644370511450
359643090235240
353298951717620
353298951717630
357276094360760
864348054109620
864348054109630
356042140521560
356042140521550
350100243792610
350100243792600
355106984381290
355106984381300
353238102542790
351675644431310
359933096543330
359943096543560
352852110254280

