357125753172800
357125753172810
358617103894060
356817103894070
351430003971190
351430003971100
356118094145800
356500341872240
356500341872250
353881484166020
358999854166020
352178139883410
352178139883420
353490238268180
353490238201700
353431134183020
355304224183020
354523986443850
354523986443860
356077481109160
356077481109170
352516397423920
352516397423930
358940660233500
358940660233510
863031044099190
863031044135200
356891827151480
356891827151490
356394500376270
356394500376280
359384532525280
359384532525290
354814528499080
354814528499090
352305775685160
352305775685170
353589298705180
353589298705190
353885282858320
353885282858330
357125751095180
357125751095190
356450837564760
356450837564770
355106985385150
355106985385160
354814526789160
354814526789170
354731372573200
354731372573210
359069102909280
359069102909290
358786038104940
358786038104950
352877127016370
352877127016380
359715774466420
359715774466430



